1973
1945
1910
1968

1931

1924
1964
1 июля 1950

1 июля 1954
20 октября 1952
1911
1 июля 1954
1974

1916
1913





1948

1947

1936


феврале 1968


1981







1981


1948
1969
мае 1936
1914
1986
1984
апреле 1980
сентябре 1976

декабре 1973
1962
сентябре 1960
1 июля 1967
16 июля 1959

февраль 1950









1953
1933









1932
1953








1968


2001

1958
2006
1964
1978
октябре 1967
1952


1919
1974
19 май 1908




18 декабря 1984
1975

1940
1959
1938

1938
1940




1981
1938
1940


1944
1938
1940

2011
2011

1944

1966


1945


1983




1 декабря 1956



1952
1976


1918
1980

1946
1964


октябре 1935
июне 1921
1921

1939
1934

2 января 1991




октябре 1946


2002

1943


сентябре 1969
1950

1 октября 1947
1935







1920



1955
1972




1971
1935





1953
1935
1985
1956


1950





12 мая 1947
1978
1973
январе 2016
1 августа 1969

1936

1968

1953


1951



















1927

1927

7 апреля 1946
1955


26 октября 1941
январь 1947


1944
июне 1954



1984



1958
1937
1991














1952
1956

1902

1919



1945

1931








1910
30 января 1956
1951















12 марта 2010

1952


1979
сентябре 1968



15 октября 1944
















1958


1927
августе 1974


9 1959
1955




















1946

1955

1972








1938








1947


5 октября 1935

1948







январе 1972


1938
1951
1980

1927
1968

1956

1940

1984
1954
феврале 1969


27 май 1912
декабре 1967


апреле 1987





1952

1956
1939


1948








29 января 1900












1954



1 августа 1951
1948
феврале 1981
1945
1967
1980


2007
1955
1 сентября 1953
20 января 1963





мае 1953



1952











15 октября 1902

январе 1979

1932



1936





1930

октябре 1973
1935













1953
1938


2010
18 октября 2004





1976




1950



1974



1969

1932

1962


1962


1 января 1969
1949





30 июня 1981
1963


1973

1985
1 сентября 1995
1964

1930







апреле 1984














августе 1969




марте 1976
1943
25 февраля 1980

1960

1949
1973

1981

20 января 2012
1991
1946









1947




1953
1950
1952

1947
1955


1975
1940

1949
1985
1953

1972
1952
2004
1 января 1969

1968
1901
1956










1901


1900




1946

1926
1918

1957

1990



1927


1990


1947





1949

1949


1955

1960
1926


12 апреля 1966










март 1915

1958
1989
1930



1955
1904




1966
1976
1 марта 1920

1961
1931



1973

марте 1969
12 апреля 1967
1964


25 декабря 1965





1945




1949

1 августа 1955




1 февраля 1995
1995




1952





1990
1988
1911
1981
июль 1955





1968


17 декабря 1921







1936
июне 1971

1938



1952











1934
1934


1912


1950




август 1970


1932






1969


28 января 1989


3 февраля 1950
1954
1972




20 февраля 1969
27 января 1969


1977
1966


1921
1917
1910






1950
1907
1968
1953

1930

7 октября 1906

декабре 1990





1983


1921


1944
1943


















1953

27 ноября 1952

1968



1969

1969



1927






8 марта 1936








1968



1966
2 февраля 1979
9 мая 1900







1959


1969
1983




1966
1979


1966



1978

1980
1979
1971



1969

17 июня 1975






1947




















1958




1956






2 сентября 1970
1912






1949

1952









1975


1947













декабре 1944


1960





1979

1979










1967

1962



1937


1929

1953
1960

1924


1952






июне 1920
1970

1952




1920
1945
1976




1911

1953




1944
16 апреля 1955
9 ноября 1918
2007
1907


1927
1971
1940








1936


1956






1911









1955
26 сентября 1964










































1920






























1978









20 августа 1952
мае 1974
1960









1910





































1951


























































































































































1978



августе 1969






4 ноября 1950






1906


1971
1956
1980




1900












1931





1980








1905
25 мая 1920














1915
1918

1972







5 ноября 1960

1912




1965
ноябре 1980
15 сентября 1967
1953
апреле 1919

4 августа 1911






1929
1903

1938























1957
1956
1930
1950

1971





1934
1953

1902



1936


1949
октябре 1966



1934


1936


1924
1939

1986

1979
1957
1938
1989

1953

17 январь 1977

1940
августе 1970







1962
1958
1971
1967
1955
1951

1930
1951


1901
1965
1968







29 ноября 1946
15 ноября 1984

1924




1980

1 января 1981
1951
1977





1962
1934





2012
сентябре 2012

5 ноября 1988









1971
1969
1926
1941


2014
январе 1920

1959








1968

октябре 1974


1968


1936




16 мая 1935
ноябре 1955
октябре 2011






































1934
1934
1934

январе 1946
1 октября 1951




28 сентября 1962

16 сентября 1965
1986
декабре 1970
2011

1951









































1938


1965

1962
1949
1950
1936


1970


1971
1972
1967
1943
2002








1918

1 августа 1938
1930

1950
1948
2014
1962
1951
1950
1931


1947

декабре 1941
1951


сентябре 1965
1959






1969
28 августа 2009

1956

1987


1965






марта 2015
3 февраля 1931




1945
























1955





1935
























1941

1953
13 марта 1992









1947
1943
1920

1930
1931



12 июня 1914









1922
1954





1938

12 апрель 1921



30 июля 1957

2004
1943


1919










сентябре 1905


5 февраля 1979






1954
1953



1930

1952
1930

1 октября 1970


1954
1934
1943


1946






















1952


1955










1938
1919
1927

































1986
1962







1995


1 октябрь 1955


1936
1951

1942



1946
13 октября 1942






1967

6 мая 1966
2008
1949






1948



11 января 1988
1952


1968


1955
1955





1935
1947







































































1937
1934












март 1945









октябре 2011
1936

1953





































































































































1953
1952
1968
1951
1935
1950
1965
1952
1959
1935
1960

























2014
1931



1956
1936
1922

1970
1974
1927

1976


1985
1954
1965
1969
1921
1936
1946




1930







1900

1952

1900



1976

1999

















1933



1974

1973

1944

1980

1920









1970
1945










1921

1949
августа 1948


2003




1952
1954
1926
декабре 2013
1953
ноябре 2014
1905
1902


1934
1955

1943





2 ноября 1954
1914
1969
1929

1947

1943
1946
1980


1943
1947
1936





1945







сентябре 1960

23 сентября 1970
1950
1941
3 июня 1953
1 апреля 1952
1911



24 ноября 1934
2007



1930


1980
1968


1903



1950

1947

марте 1955
1934



июня 1950


1958






1921





1903





1935



7 августа 1959


1923










1948
1981

октябре 1966
1902


1972
1958

1985
1976
1980
1974
1972


1989
1974
1979
1979




25 июня 1957
1935
1947
6 ноября 1927
1965






1961


1981

1992
1966
1969

1956


1923





















1920
1953
1961
1941

1967


июне 1954









1968
1 сентября 1968


1985
1916
1975
1936
1976





1 октября 1950
1935
26 июля 1958


1987

1929
12 августа 1946

1950





1934




01 февраля 1968

28 декабря 2001



1977



2002
октябре 1969

1936
8 января 1979

1968

1967




1922
1975

1919






14 январь 1960








январь 2006

1924



1951
2014
1953
1945



1924
2008


1912
1922
1922
ноябре 1911
1 июня 1936
25 ноября 2014

1930
1933
1943




5 января 1956
18 октября 1915
1954


мае 1976




1911
1 марта 1954
1901
2005
1957
июне 2013

1 января 2015
1976
1976






1924






1970











1939



январь 1925



1974

1978
1987
1978







28 ноября 1938
1961
1972
1947
1973

1972
1978
1957

19 февраль 1900


10 ноября 1955










октябре 1924







1949
20 ноября 1955


1974


1952
1958
1951


1966
20 февраля 1969


1954



1955
июле 1924
1932



1961

1 августа 1956
1 января 1963



1959

1967
январь 1958
1924

12 января 1967
2013
1950
1979





1948













1968











1967

1947

1950
1953

1973
1954
12 июня 1948
21 октября 1974






1989
1956


1958
1979





1968
1912





1950
1973
1955
1958
1978
1955
1949
1958
1965
1 апреля 1985

27 июля 1970



марте 1957

1953
1953



1988
1964







1929





5 августа 1969
1939

1956
1960
1948
декабре 1972
1990




1934


1933






1982
1972
1975
1967

1916
декабре 1926


15 мая 1918



1970






1 апрель 1997








ноябре 1961


1954




29 августа 1986






















1921


12 декабря 1978









9 февраля 1905


10 июня 1954












1 декабря 1975


1930
мае 1921


1952
5 ноября 1906




1908
1964
августе 1971
1938









16 февраля 1960
1939




1951
1936


1901


1974
1920


октябре 1969

1974
октябре 1923


1955

1925








1969
1952

1934
1978

1967


10 ноября 1929
1968

1955


1972
1 января 1988
1937

1928


1936
1970



мае 1945
1983
12 апреля 2016



28 декабря 1952





1946







1 июля 1947

1900

2007
1934
1949
1939



1955

1920
1957
1920
1952


1970


10 мая 1937



1978
1960


8 апреля 1958


21 марта 1975















1952
1922

1978

1979
1957

1936


1949
1920

2005


1971
1971





7 августа 1949






1934
1950




1956
1958
1955
1905

1948


1997








1952
1982
1953
15 августа 1955
1913
12 августа 1961

1959

1957

1949

1955
1929
1967





1983

1945
1969
декабре 1979




1947

1969
1935

1950




1966
1925
1 октября 1932
1938
1962
1914
1953
1968
27 февраля 2009


1900

1946
1947
апрель 1949

августе 1988







1936
1935


1934




октябре 1998
1937
1970


1967
1946

1987
21 май 1936
декабре 2015
1956
1946
1 июля 1979
1932
1958
1952
1954
1938
1952

1942
1949
1949
1958
1955
1950
1945
1960
1943


декабре 1976
1935


1958



1985



1945

1953
28 августа 1952
1 ноября 1955



1939



20 декабря 1971
1948





1959
1961
1988
1937
1956
1945


1908

1986
1 октября 1962

1932
5 декабря 1937
1951
1919








1977
2015

1980
14 декабря 1979

1930


1939
1972
19 апреля 1999
1974
1999
1998
1934

1938


1937
2015



1943
1949

1955
1969



1979
14 сентября 2000
1966

1979

21 сентября 1961
1 июля 1954
1 сентября 1961



1935

1958







1938
29 марта 1939


марте 1978
1952
1970
1964



1975
1 июня 1949









1962

1936

1918
1980

мае 2005
1946
1949
1992
1925
3 ноября 1959
1924

1924
1953
1974
1938





1946


1973




10 сентября 1952
12 августа 1952

1 июля 1981


1 января 1992
23 июня 1978
1954
1970

1994
1976


1995







1969


1953




1914
1955
2009
1946
1937
1920
1958
1947
1970



1921



1988
14 мая 1920
2009



1952
1950


1945


1950



1993

1920
1946



1937
1967

1951


1956

1986

2009

марте 1960


1931

2010
2011


2010
декабре 1919
1 августа 1975

1986
июле 1959
1955
1954

1954

1964

1938
1953
1939
1949


1946
1939
1959

1968
1951

1949
1944




1918
1989



1918
1975


16 июля 1946
1934
1973

1941

1961




1961

1968


1922



1951
11 декабря 1950







1949
1977

1967



1947

1934
1913

1950

1938
1952


1986

17 январь 1995

1983


10 августа 1953
1918


1982
1927
1948
1 июля 1954


1924

15 мая 1998

01 июль 2005
1 сентябрь 1973
1 июль 1966


августе 1953
1954


1951
1932
12 мая 1949
1929
1978
1964

1953

1957
1946
1900
1952

1950


1968





1 декабря 1948
1914
1941
1940



2003
1924

1955


1965

16 ноябрь 1967
1957

1956
1923
1914


1985
1971



1938


1953

1935
1971
1974

1954
1955
1930
1956


1953


1953



2014


7 июня 1990
1 сентября 1998
1950
1950

1951

1984




7 июня 1990

мае 2000

1916




1981


1 января 1993

1980

1959







1 августа 1979

1918
1919


1978


24 сентября 1990

1988
1937
1935
1984




1962
1971
марте 1971
1969

1936
1952
1918

1968
1931
1984
1953

1991
10 февраля 1987



октября 1979


1961

2013
1968
1982
1938
1980
1953
1956
1965
1973
1938

2004
1968
1952
1950
1977
1908

1968

22 марта 1936
1979
1972

1929
1974

1965


5 сентябрь 1955






1945

1938
1921
1908

1949






1953
1948
1953






















1981
1972
1984
1964



1969
январе 1942

1936
1978


декабре 1985


ноябре 1988
1982
ноябре 1972
1947
1942
1969
1953
1953

1979

1946
1949



1983

1975
1950

январе 1987





1961

1940






1980
1949
1969





1944























15 июля 1974

29 сентября 1955
1922
1930
1965
1964
1918
1930
1954
1930
1936
1924
1954

1952
1952

1948
1961
1919
1964

1980
1979



1945
1948
1955
1924
1938
1977
1971
1963
28 декабря 1984
1946
1930



1961
1945








1976

1983




1957
1936
1902


1936





1915


1952
15 октября 1957

1918

1936


1966

1956
1950
15 августа 1951



январе 1956

2008
1997
1970

1921

1978
2005
1982

1939

1930

1934
1925







1 января 1948
1946
15 марта 2004
1949


1989
17 ноября 1937
25 мая 1944







1971


1950
1960


1925

1953

2013
1980

1955
1957
1903
1975
1961
1954
1953
1970
1947
1980
1957




1934
1946
1954
1978


1949


1938





29 августа 1974


1954


1948
15 апреля 1952
1971


1 июля 1951
1954
1968
1 августа 1955


1961




октябре 1955
1959

1904
1950

1930
6 августа 1946
1977



1961


1956




16 октябрь 1962

15 декабря 1954

1980

1973

1926
1932


сентябре 2007



23 мая 1923
2013







1928



мае 1994
1920



1947



1 июля 1955






1923

1995
1977
1962
1956
1956

1932
1950
1924
1934
17 декабря 2014
26 мая 1900
23 марта 1998
1 августа 1954
1951

декабре 2013
1950
23 августа 2003
22 мая 1954
1924
1960
1931
1919

1935

1968
1943

1948
1948






7 сентября 1954




26 июня 1952
26 августа 1953
1920
1957
2006
1975
1975
апреле 1969
1956
1919
18 апреля 1918
1955

15 января 1954
феврале 1914

1900


14 июня 1923
1917
1947
1976
1933
1965


2004
1953

1954

1934

1930
1919
1952

1966









1965
1949
1974
1908
1 октября 1976
1990




ноябре 1967

1974

1951





феврале 1919

1976

1970
2012

феврале 1970
1927



1975


1 июня 1966






1 январь 1923


декабре 1918
1925
1974
1920

1943

28 декабря 1900
5 июля 1924

1932
марте 1918


1970


1986

1935

1971
1958

1991
1981
1978
1958

1929









1950



1968
1912


1949

2008
1960
2014
1946
1969

16 сентября 1965










25 января 1925
мае 1950



1989
1 сентябрь 1983
1905

марте 1936






1937
1970
1960


1967



1954

1974



августе 1952
15 сентября 1949
1972

15 декабря 1948
15 марта 1908
1956
1978

1950




1937
1 января 1953




1951



1928






1950
1998
1952
1961
1984
1960
1949
1953
1956
1954
1985
ноябре 1918



1961

1954

1 сентября 1948
1968
1 сентября 1961
сентябрь 1956




1930
1931



1934
1923

1970

1970
1931

1963


1950


1942
1978


1945
1971


1958
1936

1957
9 ноября 1950
1947



1950

1929


1947






1937
1969
1939


1999

1945
1945

июля 1985
1921



1960
1948
1950

1928
1950
1946
1970


1 мая 1948



декабре 1954
1 июля 1954


1965


февраль 1944
1957

1968
1940
1968
1974
1931
1969
1913
1950
1932

1928
1929



1917


1952



1938


1995
1934


1932

1928
1952


26 января 1956


1960

1954

1920
1900



1966




1961


1947

2016
1955
1937

1945

ноябре 1927


марте 1966

1935







1971
1970
феврале 1967


1958





1981

1962


1920




1955


1918

августе 1960
июне 1982
24 августа 1976

1967

1946
1953

1932
декабре 1936
1989

1930
августе 1971
январе 2013

1904





1932

1985
1988


2012

1953


1954






сентябре 1979




1963


1 января 2015
августе 1968
1935



1952



1919
1960

1948

1950


1910


1913

1945

1958




1977
1968

1908
1974

1968
1960



30 август 1954

13 января 2017

1961





10 мая 1981

1967



1975
1953

1950
июле 1946




1972

1989



1935

1918
2010
1966

1910
1972
1957

1969
1966
1934



1950









1902

1970


1980
1962


1917

1935

21 ноября 1902
1919
1946





1903
1955



21 апреля 1967





1960
июле 1988
2006
1971
1966
1945





17 сентября 1968
30 мая 1950
1979



1955













1938
1 январь 1915

августе 1956


1966










28 октябрь 1939

15 октября 1978







12 ноябрь 1952

1950











1938
1930
1953
1946


2016





1934


1956
1943
1950
1947
2003









1929



1976

августе 1950




1974
апреле 1968

2000

1 марта 1962




1954
1937

1946






1976

1976
1939
1947
28 октября 1962
15 октября 1965
1983
1940
1935
1968
1960

1920
1955



1984


2010
1953
1980
1953
1965







марте 1966
1946
1938
1947

1965



1978

декабре 1954
июне 1957
1982





1920
1951
1950
1925









1 сентября 1951

1955

12 ноября 1980
1904



1992

1938
1924
1921

1929
1969


декабре 1953
1967
1961
1970
1972
1969
1950
1 январь 2014
1968
1984

1922

1952

1984

1921

1963
1940






1954

1926

1921

1953



1968
1968
1978
1954

1962



1950
сентябре 1968
1925

августе 1951


октябре 1946
апреле 1944
1952
1955

1955









1 июля 1957
1967
июне 1947

26 мая 2017


1974
1957
6 июня 1973

1951
10 май 1945
1924
1952
20 июля 1956
1948

1987


1950
1919




15 апреля 1980
1931

1955

1 января 1987


1956

октябре 1946
1952
1954
1979
1967

1972

1938
1 сентября 1972
1947


1952
1987
1971




15 июня 1944




1947
1947
1966
1980



1974
1918
1919
1974
октябре 1966

1966
1968
1967
1966
1967

1969
1967
1966
1966
1935

1954
1950
1951
августе 1979
1995
1974

1952
1973


1980
мае 1979
январе 1905
1950


1 июль 1955

1965
1967


1966
1956





1977
1 августа 1968

1984

25 декабрь 1962

1979


1911


1970




2015


1953


10 июня 1936
1949

ноябре 1935
1961

1975
1 октября 1923

9 февраля 1970
23 марта 2007

1 августа 1975
30 октября 1960


1932

18 мая 1994
1952


7 апреля 1947
1963
24 ноября 1949





мае 1943




марте 1979


июне 1921





1 апреля 1909

20 февраля 1956


1936



1956
1967
1986
1955
1947
1941
1947

7 июня 1948
1970
августе 1969
1976
1994

1900
1934




1963



15 марта 2017





12 июня 1946

1926
14 января 1947



1962
1927
1 августа 1956

декабре 1988
1947

5 мая 1946



1944

1987
26 мая 2015
январе 1905


1954
октябре 1930

1940

1983
1971
1996
1937





марте 1994


1957

1977
1961

1953

17 марта 1987
1937




1974
1957
1963
1958
1930
1951
1930

1960
1932
3 декабря 1923

1946

1986

1928

1946

1963

1974


1949


марте 1971

сентябрь 1953
1969

1966


1959
1958

1954
1947
1948

1949

1949
1980
1980
1982

1948
1959
1975

декабре 2009
25 сентября 1973
1 января 1977
1975
12 августа 1954


1975
1994
1926




марте 1990
1974

1974
1956
1955


1965
1945

1945
1939

29 сентября 1954
1952

1951
1948

1964


1946
1947


1928




1953




1963
1949


1947
1948

1949

1949


1932
1962
1 июля 1967
1986

1937






1923
1968
1951


18 апреля 1946

1919
1972
1945
1940

1939




декабре 1961
1 июня 2006
1942

1958








1948
1992


сентябре 1967


1963
1953
1960
1933
1960

1965


1957
мае 1920
1962
12 сентябрь 1924
2011
1954

2011

21 октября 1987
20 сентября 1954






1959

14 марта 1917















1957

1959



1975

17 сентября 1991
1991



1918

1965

1995


апреле 1985





15 сентября 1975

10 мая 1960


1930

1950
1950


12 апреля 1974


1964

октябре 1977


1902

1936
1992
1991



21 декабря 1958



1960



1931
15 февраль 1951

1923
1958
1 августа 1972





1965

1947

1947
сентябре 1969

1945

1953

декабре 1920


1921

2006

августе 1977
марте 1992

1 августа 1951

17 февраля 1972
1943

2001

1947

1955


1962
23 мая 2003



1955

1947
1952

1935



1967



1 февраля 2008

1978
сентябре 1967



1963

1975
1975
1963
1963
1948


1990
декабре 1961


1966

1997
марте 1966


2002

21 сентября 1951





2 января 1974









19 сентября 1953
1 июля 1986
1935



1914
1972
мае 1980



23 июля 1951

1961

1981

ноябре 1987


18 апреля 1944
мае 1978

28 июля 1972
1985
декабре 1988

1922

5 июня 1982


1948










1938
1919

2004
августе 1944
2009


1955
1949
1938

1928
1955


1966

1979
1966


2001
апреле 1951



1947



1938

1949


марте 1949
1957
1961
1960
1914
02 июня 1974


1936
1938

1968


1948



1980
22 июля 1952
1946
1957


1 августа 1961
1994


1963


1958
1980
1951
1948
1930






1956



1974


2002
12 мая 1973

1969

1962



1962
1953
1939


1966


1950

1911

1983

1966
2001
1970
2012



1962







1920

1948
1958

1 декабря 1972




июле 1919


1970

октябре 1951
1954


сентябре 1969









20 ноября 1954
1977





августе 1970

1967
1963


1953

1994




1972
1963


15 марта 1937


1970
1922


1946
1934

1930
1967
1955
1953
1949
1942
1986
1943
1985
1959

1923






1994


1947
1963
2010

1946



1998

1926
августе 1980
15 мая 1955
1964
1964
18 сентября 2014







2006

августе 1939

1946
1974

1973

1979

1968
1971






1969
1949

1949



1931


1918



1967
1908



1952



1953

1921
1945




1965
1946
1902

1955
1935


1944



1977
1928
1952
1947

1911
1954

1964
1 марта 1994

1923
1937
1952
1903



1953


июле 1955


1962





1940
1904





14 октября 1986
16 августа 1965


1962
1955
12 апреля 1962

1949










1934








5 сентября 1997
1957

1935
14 сентября 1902

13 ноября 1950





1964




1931
августе 1942
1944





1974

1 марта 1966

1929



1968

24 марта 1949
октябре 1958

28 декабря 2015

1930

15 августа 1969
1 мая 1952
2 сентября 2013


25 октября 1945





2014

1958
1987





1943
1944

20 июня 1946

1946
1926


1968
1963
1947

1948
1951

15 сентября 1960

1962


1977

1949


1956

1948
1982




23 августа 2003
16 марта 2017


1960

1974

1984
2 сентября 1935
1936


22 декабря 1911
1935


1954









1969

5 сентября 1974
1971




1958


1936


1981


1972
1922

1990



1958

2002
15 сентября 1951

1967
1928


1951




1 февраль 1941
1966

14 марта 1971






1936

1952
1952
1946
1942


1917
1966




ноябре 1953


1969
1974
1990
1975

1983
1938







1937
1949

1921





1951
1953
1957

1951
16 сентября 1907
1954
1956
1975
1949
1951


1934




1917
1910







5 октября 1970


1938
2015

1919








1 сентября 1920

январе 1919

1930
1920

1921
1924
1907

1955







1967
1967

1921


сентябре 1973
25 октябрь 1966


1930

1922
1938

1937

1955
1913

1914
1921


1946



2001



1965

1 августа 1950

1954
1970
1903
январе 1950

1959
октябре 1971
1 июля 1987
20 мая 1948
1930

1953
28 июля 1950
2 октября 1908

1982
1973

4 июня 1954


1971



1962







1960





ноябрь 1917
августе 1953













1968
1954

1979
1959

1932
1985


1968
1960
1984





1990

1952

1965

1953
августе 1953
1 марта 1960

сентябре 1946
октябре 1953
1956
1976

26 августа 1944
1958


1954

1970
2009
1937

1950



1957
1967
1910


1932
январе 1903


июле 1967

1979
1947
июле 1929
1979


1968



1936



апреле 1951
28 сентября 1970



1922


1951
2009
1973
1928




1921

1948
1909
1932
1919
1950
1910



1939


ноябре 1952


1968
1967



1962

1981




1938
1937
феврале 1972
1970



1957

1966
1955
1935
1935
1933



июль 1972
1973
1961
5 апреля 1906

1942
1904

1946

1978
1953

1972
1953
1953
1952
1918
1956

1953
1954
1965

1940
1960
1937
1924
25 ноября 1919
1937
29 декабря 1902
13 декабря 1952

1973
1969
1956
1971

1948


1946








июне 1923

1950

1944
1923
1963
1935








12 июня 1963

1970















1966


16 ноября 1982
1947
19 мая 1946



февраля 1967

1970










1966
1966
1974

1954

1968



1972
1967

1969

1982











1 августа 1953












17 ноября 1988
апреле 1942
июле 1952







1953
августе 1951
1953
1954

1904
1934



1955
1930

1950




1934

1990
1946
1975
1953
1954
1904
1974
1956
1934
1956
1903
1956
2017
1952
1951

1956
1929
1974
1954
1953
2017
1929
1 января 1932
1967
1934
1950
1904
1957
1986
1967
1937
1952


1902



1902



1976


1958




1974

1935
1940
1935

1979






2004

1962
1904


5 июля 1953
1975

1946





июне 1984


6 ноября 1980


1975










1952
1950
1907


1978



1954


1929
1909


1938

1 сентября 1966



1999


1981
1948
1948
1990


28 ноября 1967
8 декабря 2006



1978
апреле 1918
1970
1967

1994

1985
1954
1955
1902
1945


1947
1985
1927




1951
1953
1952
1956

1954
1966
1 июля 1954








1967




1929





1948

1955


1968
сентябре 1984
1966
16 мая 1987
1949
1972
1938
1972

1952




1980


1904
1977
1955

1944


1952

1947


1960

29 мая 2007
2006



2 января 1962
октябре 1955

1929
1969

30 марта 1910
5 августа 1954
30 декабря 1901




1970


1985
июне 1958


1975
1 апреля 1945



29 июня 1952

1924

1954
1953

1980
20 апреля 1968

1972

17 ноября 1977


октябре 1918

1966

1953
2012

1948

1924

1 августа 1957

1953




1939



1967
1987
11 ноября 1974

4 июля 1982

сентябре 1946

1944

1 августа 1971
4 июля 1955
июле 1953

1905




1973
1950


1990

1958

1977
1979

2016
1961
1936

1951


14 декабря 1992
1999
1941
22 августа 1913

ноябре 1957





1932

декабре 1972
1969

1951

1990
1948
2 января 2017
1973
1973

1978
1944


1919
1953


12 январь 1914
1953
1937
августа 2018
июле 1960
1910

1910

1965

октябре 1971






1946
1961
октябре 1993




мае 1955


15 июля 1971

1952
1928
1934

1936




1952
1908
1962
1977
1980
1970
июле 1952
1 января 1972
1927
1919
июне 1951
1910
1967
1937


1952
октября 1946




1921
3 декабря 1979



1954
1946



1955
1 марта 1935
1907


1 апреля 1950

1936

16 ноября 1914
ноябре 1934
феврале 1938




1928
1956


1959


12 июля 1988
1949



1948
11 августа 1956


декабре 1979




1955
1960





1971



1919


15 января 1964






ноябре 1970


1906
15 сентябрь 1958
1960
1991

1911
1949

1954
1944
17 мая 2016

1935
1944

1980
1942

1 июня 2016
1967
1969

1954


1934
1944




ноябрь 1903
августе 1970
1955


1956
2011
1960

1950
1950


15 мая 1988
1955
1972
1972

1936

1971


1941
1 декабря 1972

1968

21 декабря 1929
1950






1942
1905
8 апреля 2011

23 января 1967

1952


1951
2 ноября 1946
феврале 1951

1919


1924

1954


1976


1974


1935



1924


1938
октябре 1949
марте 1951

10 января 1957

1952
1906

1947
1962
1939
1939
1967
1934
1965
1930
1948
1947
1940
1947
1936
1957

1930
1937
1937
1973
1950
1969
1924
1930
1930
1930
9 апреля 1987

1930



1966
1997
1977

1930


1930
1964
8 март 1987
1975


1952




1 октября 1920
10 августа 1968


1934


8 декабря 1946




1971


1967
1976

1964
1938

сентябре 1973



1 января 1965

27 января 1956

1919

1941
апреле 1954

1968
1935

1918
1968
1943
1906
1992
1920


1948


1936
1940




марте 1970
1975


15 октября 1953
1942






22 июля 1979
июле 1955


2002
1967




1925
1953




27 июля 1950
1970

1932

1901

1987












1971
1954
1933
1952
1957





1933
1979
1930
1979
1927
1979
1955
1965
1948
1979
1913
1954
1979
1947
1967
1955
1980
1948
1968


5 декабря 1970
сентябре 1948
1953
январе 2006


октябре 1925
1 сентября 1954
1 июля 1951
1925

15 августа 1988
1944
октябре 1970

октября 1956
1974






августе 1955
















1 сентября 1955
1951


25 октября 1947




1956
22 июля 1969

2009

2009
2010

2011

2010


1950
1936




2009



1960
1950


1946
сентябре 1937
1953
1919
1903

1935

17 август 1944

1954
13 декабрь 1946

1960

1943



1924

1958
1950
октябре 1984
2002
1933
1977

1948
1995




1939

5 февраля 1955
1974




1971
декабре 1980
1957
1937

1936
1945
1933



1969
1954
4 январь 1955
1944
1991
2011


1960

1940
1981
1977

1923

1976

январь 2006
2017
январь 1984
1907

1975

1980
1950

16 сентября 1976





20 февраль 1954

1983



1953

1981
1908

17 февраля 1967




1982
12 мая 1979


1945



1947

ноябре 1970
1988

1953






2012

1971






1950
1 января 1958

1920










1961
1961





1983
1969






2005
1967
6 декабря 1901



2014



1940
2012


1954



10 февраля 1901


1 августа 1951


1975
феврале 1951
1968
1954
1929
1930
11 февраля 1965
20 декабря 1969




1946




















августе 1966




1972
1960


21 сентября 1961
1972
1946




1905
октябре 1985
1972





июле 2006


1929
1975
1975
1969
1970

ноябре 1930
1953

1951
1961


1919

1956

1988
1975



1965
1973
1971
1975
1946

1922

1921
1967
1911

1989



1974
1978

1970
1972
1967
1966

1974
1950
1948

1954





1961

1970
1937
1932
1978
1 июля 1952
1948
1932
1 января 2015

1972

1935


1964

7 мая 1920

1955
1907

1911

1920
17 мая 1957



1917



августе 1970

1953



1947

1968


1977
4 ноября 1970
1922
5 сентября 1985



1947
1927
1975
1943
1977



1964
1968

1969
1967
1970
1985
1973






1990
1954
1976


октябре 1983
1919



1907


1975

1979
сентябре 1974
1960


12 декабря 1970




1907
1920
1956
29 октября 1921



декабре 2003
1953
1979





1965



1900

1939


1946


1967
1945
1977







1921





1924



1952
1947



1935




1963
7 июня 1900

1957






1957


1982
1965
1962

1958
1954
1924
1965
1947
1946
1960


1951
1952


1956
1957

1985


1956
1932









23 апреля 1922
1947

1960
1977
1966
1965
1973
1974
1974
1969
1968
1960
1976
1966
1927
1959


3 августа 1953
20 ноября 1946

1957
1962
1929
1952
1919
1974



1970
1949
1962
1950
1948
1952
1950
1987
1979
1946
1957


1970
1953

1960
1921








1958

1953
1963
1935
1935






1964
декабре 1951

15 июля 1952

1953
1914






2017
22 декабря 1980
1972

5 сентября 1902
1951
1966

1949
1991

1932
1900
27 августа 1955
1952

1906
1927

1 октября 1980
1973

1966
1970
2 апреля 2017


декабре 1974

1976

2005




1930







1924
1975





1967

1985





1953



1956

июля 1953







1 мая 1969


1972
1961

1965




августе 1979


5 сентября 1952
1936
1975
1959
1962
1969









1969





1960








1914

сентябре 1972

8 октября 2011
1961

1947
1948

18 января 1920
1948


1903

1941



1938
1931









1973
1976
1975

1996
январе 2008


1952

1965

1918
1962
1967
1981
1951



1 сентября 1956
1942
1930
1970

1932
1940
1919
1 октября 1954

1980



1949
5 декабря 2011





1946

1967
1940
1900

13 августа 1973
июле 1977
1938
1982

декабре 1953
1959

1961
1958

1937
5 сентября 1902

1965
1937






1978

20 ноября 1982
1949

1961


1904
1961

1918
1954
1951


1979
1952
1952

1982
1971

1968
марте 1988
1957



1969

4 февраля 2015
июле 1953

1924
1938
1973
1944
1928

1958



1976

1966

1925
1926
1958
1985
1958
1958





1965
1962
1951

1984
1958

1984

1972


1986
1954
1971

13 июля 1957



августе 1949
1938
1976

1949


23 сентября 1919

1955
июне 1946
1953


1950
1964

1952
1958
1956
1932
1956
1976
1952


1956
мае 1977

1950
1951



1 декабря 1991
1952
1951

1917




16 октября 1971
1969
1973
1972
1967
1958
1949

1978

1948

1955
1953

1923

1909

августе 1953

26 июня 1958


1954
марте 1901


1968


1926

1982

1966


1968

1968




1981
1970
1950
1966
1953



1966
1901
1934
2019
1932







1974


8 июня 1938

1930





18 декабря 1942
1946
1976
7 июня 1948

1998
1985
1970


1970
1935
1967



1903


апреле 1954





1937
1944
1978

20 января 1913
1938
сентябре 1906


январе 1958





2011





1952

1958
октябре 1927

1902

1955

1923
1935
1954

1955
1957
1980
1966

1966
1956
1951
1958
1938
1938
1948
1932
1975




16 апреля 1976
1955
1969
1924
1919
1973

16 октября 2017
1946

1952


1962





2000


1947
ноябре 1951




1958

октябре 1964




23 март 1902



1927
1937
1946



1955

1953


1960









1918

1944
июле 1958
1955



1953
1968

1980



1963

1950




1949

1955
1934
1954




августе 1970

1975
1956
1956
1973
1954
1958
1970
1955
1954
1951
27 июля 1952


23 июня 1971

1953
1952

1918

1954
1951



3 сентября 1955
ноябре 1954





1949
1946



1970
1971

1928



1947



11 сентября 1946

1946
июне 1967
1975
январе 1943
1 февраля 1939
1939
1953
1 ноября 1943


1979

21 мая 1951
4 декабря 1978
1966


1949






1984
1947


1935
1924
1940
1981
1926
1924
1926
1934
1924
1934
1984
1952
1924




3 мая 1995



1994







1 августа 1976
1 августа 1971





1947

1920

2012


октябре 1984
мае 1960
23 июня 1959
1965



1913
1932









1938
10 декабря 1969

1930
1952
1938

1949
1956
1939

1934
1 июля 1985

1934


24 февраля 1952
августе 1973
1954
1947
1946

1950
1948
1953
1945
1992
1930
1945
1940
1926
17 марта 2001
1944
1940
1948
1943
1950

1946
1952
1935
1952
1954
1938
1943
3 июля 1953
1979

1920
1967
1937
1909
1945

1955
1926
19 января 1966
1927
1939

1953


1965




октябре 1960
1972
1973

1949

1969

1948
1951


1967
1946
1955
1918
1952
1928
1968
1956

1949


1929
5 мая 1958

1913
1960
1906
1982
1948
1958
1976
1974
1909
1913
1960
1 августа 1969
1938
1954

1961
1971
1964

30 апрель 1935
1924


14 июль 1947

1924

1936
1938

1924


25 октября 1968

1956
марте 1961

2009
1971
1 января 1966



апреле 1965




26 декабря 1961




1910
1969
1915
1909


10 февраля 1937
1915
1950

15 декабря 1955

1912
1911

1918
1972
1910
1932
1935




1921

1954
1930
1953

1943



